
1000214
10009276
1001294
10020890
10024362
10025730
10027246
10037385
10045713
10059162
10059582
10060175
10063461
1007924
10080869
1008378
10084181
1009240
1009871
10100761
1010118
10101634
1010458
1011031
10112591
1011725
1012073
1012360
10126708
1012712
10127273
1013367
10142747
1015244
1017987
1019524
10200365
1020356
10207831
10231087
10235549
1023820
10241
10241300
1027379
10284064
10285938
10286084
10287213
1028748
1029852
1030132
10305802
10309896
10332385
1033527
10338707
10339966
10340312
10351874
1035530
10360747
10363913
10371741
10372076
10373801
10378412
10399491
10405694
10412055
10415638
10448983
10450303
10462860
10466918
1047338
10480253
10484858
104868
1048912
10503452
1051331
10516016
10522324
10523076
10525134
105333
1053920
10557854
10560637
1057759
10582746
10595647
10605985
10613505
1062583
10631941
10632576
10636598
10648237
1066163
10675876
10677713
1068773
10708454
1072262
1073241
1073995
10741590
10753546
10756433
10757193
1076046
1077350
10787470
1079480
10802283
1080366
1083077
1090335
1090446
1094725
109660
1097743
1101913
1105639
1106808
1108148
1111028
1113068
1119169
1119950
112312
1123598
1127019
1127795
1128193
1128984
1129920
1133281
1136519
11409059
11410625
11412727
11417672
11418750
11419404
11421401
11422597
11425580
11426530
11429458
1143040
1143838
11439690
1144133
11444117
11449002
11450566
11450869
11452218
11458102
11458314
11458624
11468172
11473954
11476430
11478682
11480930
11486178
11490638
11491619
11492833
11493266
11495041
1149911
1151110
11512650
115157
11524662
11547737
11547855
11552386
11554175
11556187
11556857
11561228
11562747
11565385
11566230
11566682
11567411
1156834
11571907
11573173
11575425
11579418
11585340
1158690
1158872
11592146
1161161
1164273
11665372
116687
11669335
11675842
1168468
11686195
11690893
1170052
1170962
11714853
11725015
1173038
1178565
1182709
1183573
118523
11868814
11928549
11950345
1196037
1198101
1198750
1201021
1202904
120316
1203676
1205696
12101870
12102133
121166
1212519
1212572
1213614
12141495
1217043
12205694
1221611
1223182
1224744
1227675
1229938
1230965
123170
1237415
1239064
12396924
12411461
12416423
12425281
12431434
126264
1264283
12644902
12651821
1270199
12707781
1285440
128638
1290422
129089
1291069
12929403
1295275
1296016
12962622
1296462
12992868
12998815
13083586
13086908
13087625
13095685
13096863
13100156
13100677
13102409
13103136
13104059
13108662
131090
13112664
13122364
13125117
13129165
13134059
13134302
13134947
13135832
13136316
13138658
13139055
13139647
13144794
13149296
13156083
13162297
13163250
13164583
13167078
1321579
1321854
1323958
13245626
13252973
13255145
13258362
1326291
13275288
13275847
13278375
13282007
13282550
13285176
13286801
1328702
13287984
13290002
13296899
13306870
13308864
13308999
13315999
1332730
13327896
13329641
13331198
13344071
13353607
1335659
13357178
13358549
13371489
13372961
13377268
13384557
1338685
13388245
1338908
1339505
1340439
13424865
1342529
13426948
13427078
13434120
13434688
13435152
13440063
13444703
13446390
13447361
13450206
13450862
13452347
13453160
13456715
13457378
13458571
13462191
13465530
13466586
13467916
13473097
13474290
13477023
13478525
13480541
13482330
1348530
13486115
13486838
13489037
13491876
13497135
13497928
13508333
1350855
13509528
1350994
13514314
13514648
13517843
13518963
1352059
13522744
13524399
1352574
13526110
13532886
13533470
13534954
13536299
13536794
13541167
13545382
1354673
13548105
1355326
13553916
13557766
13558490
1356038
13561719
13564910
13565379
13566212
13571580
13575869
13576101
13576355
13576982
13577171
13577934
13579287
13582013
13583478
13585429
13594585
13600404
13601596
13603065
13603305
13604718
13607985
13608319
13608598
13609507
13615235
13615557
13616054
13632961
13633229
13633375
13634033
13634615
13634784
13635108
13635336
13639927
13649268
13653902
13662703
1367772
13681530
13685678
13702102
13714184
13716084
13717155
13728499
13730756
137313
13732295
13733167
13736799
13741022
13745420
1375204
13756125
13757724
13758296
13760316
1376245
13763384
1377032
13771404
13777344
13781670
13783038
13783581
13783816
1378556
13786960
13790712
13791389
13792579
13794417
13795489
13796779
13801424
13803782
1380638
13809207
13809920
13810818
13815152
13815742
13819207
13821570
13824815
13826959
13830305
13831000
13836371
13836841
13841213
13844690
13846199
1384687
13850304
138508
13854649
13856574
13857159
13857486
13859043
13860793
13861050
13863771
13864763
13866144
13867641
1387065
13870805
13875185
13878306
13879126
13879320
1388130
13883346
13887509
13888491
13893786
13896100
13896369
13897996
13899200
13899404
13902048
13903079
13908021
13910384
13911429
13919685
13920429
13920835
13927383
13928668
13932421
13934274
13934596
13934900
13939892
13945919
13947645
13948136
13948441
13954253
13954818
13961642
13968547
13969243
13971065
1397114
13972797
13973490
13973990
13974317
13979173
13980845
13983147
13985818
13991823
13996300
13998576
14006179
14006945
14010148
140123
14014621
14015731
14023236
14023997
14034177
14035298
14036203
14037619
14039534
14045507
14050143
14052046
14052403
14055623
14057371
14059928
14061805
14063633
14064408
14070360
14075199
14076126
14080622
14081375
14084502
14084880
14085708
140967
14100769
1410223
14103288
14106352
14108324
14110674
14113228
14115914
14116321
14117805
14118138
14122053
14122235
14124232
14127211
14130166
14131950
14133159
14145095
14151139
14165544
1416585
14171682
14174549
14177423
14178913
14186340
14186541
14187378
14189204
14191037
14195315
14196405
14198200
14204950
14207561
14207809
14208065
14211294
14213199
1421622
1421807
142191
14219661
14226056
14227218
14229912
14234074
14235200
14236226
14236743
14239425
14239918
14242337
14246359
14248541
14252320
14252864
14253124
14256668
14270614
14276936
14285662
1428580
14288871
1429455
14295248
14297696
14298815
14299637
14304060
14315071
14315192
14316714
14320394
14321469
14322699
1432517
14326607
14336539
14351321
1435380
14361664
14364432
14365950
14366759
14368805
14373582
14375890
14376855
14380140
14380473
1438681
1439121
14395018
14398067
14403107
14404160
14408086
14411243
14414294
14416845
14418395
14419164
14420954
14429985
14434681
14436875
14437552
14441825
14445379
14446652
14447525
14448333
14449126
14449405
14450691
14451911
14455206
14456138
14457041
14459422
14462666
14462946
14465048
1447257
14474052
14475405
14475661
14479615
1448100
14481929
14482620
14487184
14488317
14493145
14494893
14497365
14497763
1449974
14501726
14512817
14514039
14516501
14524849
14527171
14530061
14531772
14533203
14534696
14536438
14538472
14539960
14540765
14541044
14544335
14544672
14547369
14547643
14550797
14552802
14557898
14558226
14559208
14560612
14573196
1457954
14580897
14584765
14585519
14586258
14586769
14588219
14589223
1458973
14590542
14591091
14594708
14595543
14596956
14597413
1459791
14598383
14601294
14601505
14601829
14604959
14605787
14607521
1461328
146138
1461646
14617189
14617597
14618253
14618834
14619225
14619658
1462005
14620895
14621446
14622141
14622893
14625458
14627081
14627820
1462928
14633206
1463963
14640756
1464077
14648100
1466257
14662574
14674408
14682133
14686352
14688500
14700745
14704640
14706749
14708720
14710501
14712692
14713120
1471682
14720962
14723079
14723628
14724264
14724436
14724645
14727670
14728724
14731135
14732116
14732946
14734348
14734761
14735225
14735953
14736972
14737847
1473806
14739004
14741730
14743046
14743582
1474550
14745635
14747338
14747587
14749794
14751417
14751863
14752057
14755077
14755804
14756039
14757382
14758842
147595
1475953
14759722
14764061
1476483
14766364
14767996
14771088
14778019
14778436
14779550
14780040
14792703
14793921
14798450
14800277
14806838
14807410
14807558
14807737
14807929
14809057
14813182
1481360
14817592
14818238
14821043
14828193
14830364
14832193
14836127
14836468
14836642
14839439
14840755
14844693
14845743
14847929
14849367
14850483
14851157
14852450
14853947
14856263
14857497
1486312
14864360
14866889
14867858
14871968
14875077
148763
14877585
14879605
14883206
14884120
14885088
14887305
14887801
14888310
14888884
1488956
14892655
14894481
14898470
14899152
14899328
1489989
14901959
14902141
14904359
14906850
149084
14911057
14914301
14919948
14926294
14927587
14930989
14934031
14938907
14939230
14939900
14940100
14940386
1494310
14943950
14944888
14951377
14952122
14954284
14954601
14959058
14964367
14964590
14969044
14969994
14970136
14971234
14971519
14971969
14974264
14980215
14983143
14983774
14984378
14984973
14985383
14987695
14989545
14989820
14991712
14991927
14994004
14994328
14997529
14997699
14999106
14999411
14999913
15006118
15010703
15015501
15017604
15022171
15022776
15025397
15026716
15027189
150287
15029781
15030481
1503061
15032376
15032661
15033662
15034074
15034741
15036321
15036638
15037339
15046900
15053867
15055936
15057744
15058310
15059939
15060131
15062778
15067025
15068635
1507175
15077571
15079925
15081052
15088440
15089104
15089472
15089645
15089803
15090742
15092751
15094294
15096783
15098161
15101361
15113229
15116532
15116910
15118228
15119536
15120823
15122011
15122231
15130434
15133621
15140892
15143477
15144371
151497
15154774
15155220
15163157
15164957
151689
15180528
15185290
1519977
152018
15204983
15209706
15214068
15228378
15236475
1525666
15265518
15266911
15269513
15271008
15272029
1527271
15281176
15286249
15290337
15291801
1532589
153263
1534147
15388
1539633
1540449
1545883
1549187
1552519
1556346
1556921
1557774
1564144
156601
157081
1573515
1577635
157844
1587062
1588493
1594372
161225
161243
1617192
1619231
1619354
1619929
1621555
1626600
1627355
1627424
1631072
1631534
1636397
1639714
1640846
1640855
1641914
1642437
1642924
164444
1645601
1647229
1648126
1650610
1651444
1653873
1657723
1661818
168237
1686132
1690294
1693881
1695681
169651
1697816
169806
1698271
1706129
1706488
171586
17222
1724459
1726692
173338
1736822
1739814
1740
1742886
174412
1752165
1752884
1753788
1759182
1759326
1761706
1762525
1767612
1767661
1767949
1769347
1770501
177127
1771535
1777210
177783
1785971
1787955
1791625
179311
1794668
1798936
1799794
1819147
1821996
182406
1824339
1825237
1831531
1834485
1835496
1843055
1844917
1845229
1849221
1850315
1855606
1859221
1864707
186634
1874434
187526
1876530
1877134
1880113
1881171
1886756
1887576
1896031
1905661
190682
1907258
1908543
191142
19128
1921887
1922303
1923909
1930
1934440
193486
1935176
1939598
1940736
1942177
1943448
1945845
1951480
1952898
19613
196485
1970826
1974062
197772
1987160
199130
1994492
2005948
20090
2009433
2012344
2013571
2016523
2018049
2020590
2031158
203342
2035919
203866
2039544
2045369
2050132
205046
2051031
2052476
2052675
2055649
205885
2066939
2070874
2074677
2075462
2077656
2078591
20827
2083346
208836
2096167
209943
2106506
2108377
2110220
2110927
211852
2120997
2122164
2124623
21265
2130524
2131279
2136271
2137
2137132
2144835
2150510
2151394
2153445
2158587
216174
2163746
2169352
217014
2188699
219012
2190632
2191766
21939
2196344
2196948
2199590
2200686
2202384
2202928
2205272
2206270
2206856
220869
2210855
2213690
2220461
2224055
2225492
2228698
2230247
2232190
2237424
2238085
2247977
224901
2251743
2256109
2257767
2260362
226107
226566
2265979
2267060
227165
2281093
2285629
2295550
229605
230746
23100
2311060
2313250
231567
2316304
2316868
232386
2323902
2324478
23271
2327200
2329401
233335
2342132
2348568
235368
235435
2367363
237078
2373336
2374149
2374451
2376958
23773
2377703
238867
2391803
2394477
2395003
2397637
2399000
2401031
2402010
2404186
2413480
2422663
2423762
2424652
2426171
24264
2427334
242808
2428924
2431320
2436349
243918
2439281
2439501
2439929
2441022
2441326
2450505
2451370
2452
2452885
245457
2464583
2469835
2469914
2471690
2471762
24720
2473431
247390
2473981
2475922
2480153
2484473
2484975
2487347
2489589
248977
2492198
249501
2495038
250259
2503803
2506546
251013
2510337
2511551
2512305
2512938
2514187
2514825
252019
2522399
2524171
2530167
2533282
2536557
2543181
2547586
2551144
2551832
2552449
2554922
2556126
2564146
2568959
2570062
258854
258857
259927
2603699
2604477
2604760
2609764
2610845
26192
2620587
2621395
262249
2623529
2627363
2627666
2629256
2630189
2632167
2632940
2633881
2635547
2635956
2638596
2642107
2645007
2649830
2655135
2656390
2657219
2660442
2660631
2662297
2663643
2664769
2665282
2666239
2666882
2667228
2667900
2667906
266806
2669789
2671062
2673134
2673637
2673965
2676054
2677097
2679415
2679788
2679899
2681518
2681795
2682038
2683840
2684
268557
2687916
2690708
2691156
2694933
2696801
2697725
2698769
2700867
2703275
2703952
2704153
2704349
2707683
2712393
2713594
2714883
2715941
2716205
27167
2716866
2718084
2718259
2718469
2718811
2719105
2719750
2719930
2720201
2720725
2721160
2721538
2721948
2722166
2722458
2723232
2723292
2724207
2724417
2724966
2725367
2725714
2727825
2735688
2738031
2740533
275424
2757810
2762468
2772554
2773037
2777100
27807
278117
2784218
2788689
2792049
2796623
2797881
279835
280586
280853
280930
281752
28270
2830852
283090
283127
2832168
283568
2842303
2853449
285557
2876657
2905612
2913152
2914991
2921884
29378
2938514
2954340
295701
2958343
2959942
296178
29677
2974697
299580
2996840
3003730
3014705
303465
30358
3040587
3050026
3054098
3058107
306426
3065424
3076411
3076708
3079741
3080309
3081021
3082979
3085333
3088707
3089014
3091374
3093574
3094503
309647
3096960
3097890
3100490
3104594
3106110
3122748
3124700
31264
3129123
313647
3153375
315986
3171356
3176084
317700
3177349
3178782
318035
3183080
31921
3196324
3198383
319939
3203641
320852
3210683
3214670
3216828
3217458
322847
3231912
3234306
3247620
3248958
3253398
32613
3264136
3265032
3269401
3273061
3277771
3278248
32823
3285912
3289268
3290771
329227
3294048
33020
3302121
3302790
3304730
3305522
3309808
3315023
331950
3322099
3323703
333366
33615
3364340
3365991
3366823
3380867
3384891
3391770
339934
3414162
3414814
3419014
34213
3429288
3434285
3438257
3446528
34574
345926
3466162
3472232
3479647
348746
3492717
3496892
3502042
3502509
351485
351638
35189
3519981
3522239
3525827
3526198
352826
3532672
3536348
3541091
3542333
3544360
3550533
3553
3562126
356258
3562739
3563967
3566329
3570838
3574816
3575240
3579137
3579982
3582305
358931
3597469
3600977
3605722
3605915
362348
3631922
363260
3641706
365709
3659292
365995
3666362
3670849
3676175
36762
367685
3679986
3681148
368302
368592
3699975
3709206
371314
3713736
3733925
3736970
3739518
37396
3740161
374224
3748162
3748886
3756184
376063
3763133
3763727
3771443
3783017
3786417
378985
3789946
3791235
379422
3795580
3800001
3808564
3808977
3809939
381013
38262
3827536
3828465
3834836
383606
3839993
3851341
385791
3859280
3860882
3862676
3865949
386915
3876519
3892891
3894379
39021
3903424
3910033
3915437
391599
3917455
3924069
3925226
3926148
3926876
393369
3940256
394813
3953020
3956922
3961939
3969259
3978130
397953
3984234
398704
3993180
4007894
4013729
4013993
4014297
4017137
4019101
402789
404222
4042358
404403
404642
406243
4063661
4069276
4074482
407535
4076846
4081844
4090263
4100174
4103491
4105893
4110955
4127904
4157320
4161981
4166841
4169152
417001
418025
4181228
4187061
4188643
41899
4191595
419950
4205759
4213626
4217882
422090
4222847
4230808
42311
4233405
4258
4263760
4267577
426928
4273064
42757
428000
429060
4295081
4298308
4306080
43195
4320126
4332243
4338359
4341686
4352070
4359589
4362025
4364545
4365484
4377057
437788
438495
439958
4402746
441445
44150
4416530
441824
442115
4423288
4424218
4426618
4437953
4439122
44455
4447443
4451818
4470232
4475
4482543
4489008
4490091
4493505
4494204
4514899
4522421
4522904
45250
452512
4531098
4537602
4539876
4543158
454868
455599
4557308
4557648
456740
4571088
457382
4576211
45907
4599396
4602044
4617562
46177
462092
4623113
4642596
4646548
46522
4652635
46534
4657876
4661706
4662951
4669247
4670022
4673965
467451
4679549
4680285
4682462
4683136
4683453
468791
4688246
4692157
469382
471711
4718563
4723816
4728068
4731497
4733640
473572
4735929
4742535
4743605
4744814
4745370
4748836
4750940
4751098
4752221
4752530
4756172
4756635
4762633
4764412
4773351
4777852
4782878
4790449
4792127
4800359
4802907
4803430
480969
4812268
4818284
48225
483181
4835724
4836268
48374
484166
4849241
4864200
4881829
488225
4897762
489837
4898437
49003
4907269
4916342
4921011
4921754
4928903
4931965
4932278
4933544
4934546
4936846
4940146
4941325
4941453
4944048
4946553
4950126
4951373
4952242
4959672
4960079
4960729
496167
4965661
4981139
4984514
4985198
4992163
4997988
4999401
5009170
5015117
5021884
5023233
5029706
5032565
5036394
5038593
5038959
5040275
5042871
5044673
5048123
5051601
5053215
5053688
5054863
5056490
5062748
5062993
5071027
5074774
5075602
508091
5083328
5084201
5085572
5089947
5090441
5093581
5093890
5098942
5103946
5107765
5108740
5108947
5113133
5115040
5116953
5118437
5119367
5121418
5123416
5125377
512877
5129201
5133287
5137557
5138208
5138488
5142180
5142641
514463
5147381
5148699
5151088
515154
5152150
5153520
5154517
5154676
5155821
5161436
5161614
5166072
5168261
5174653
5190804
5194151
5196375
5199286
5200169
5202497
520257
5204637
5207130
521562
5220461
5221895
5222790
5225090
5225602
523513
5237227
5237755
5239808
5241218
5246511
5246796
5248181
5249636
5250659
5263850
5264081
5264913
5267548
5268797
5268965
5269901
5282746
5286536
5287882
5289601
5289861
5294995
5296775
5297523
5298729
5299178
5300231
5301392
5301908
5303402
5313679
5326900
5327134
5328867
5329735
5333259
5333777
534849
5389762
5389939
5392744
5397468
5398023
5399847
5402091
540235
5403149
5404728
5405946
5407119
5408684
5410315
5413241
5414534
5415395
5417975
5418717
5425910
5426243
5430628
5431926
5432736
5432948
5436752
5438642
5439413
5445668
5447599
5447757
5449268
5449959
5450888
5451384
5456732
5456945
5457973
5458412
5460473
5461816
5462674
5464104
5465567
5467054
5467432
5470189
5474346
5475681
5483677
5497363
5501711
5512139
5514717
5515670
5517578
5524430
5528060
5531379
553173
5534712
5535484
5559908
5560244
5563034
556313
5566097
5566919
5578251
5580416
5582859
5585665
558630
5594037
5605944
5608868
5610008
5616246
5616786
562280
5640433
5648247
5650329
5650579
5651971
5652926
5653575
5653848
5660268
5665146
5667404
5669934
5670710
5675130
5675905
5678932
5682570
5682950
5685363
5686481
5686955
5689249
5690269
5693919
5694791
5695554
5695806
5697135
5701738
5701944
5704266
5706228
5706954
5708432
5710020
5712076
5713737
5715283
571609
5718254
5723210
5723563
5726345
5726596
5728678
5732756
5733583
5734559
5736149
5737153
5739043
5740300
5740560
5748054
5750657
5752544
575741
5760202
5765159
5767733
5770664
5770926
5772356
5772667
5774614
5775081
5784831
5788149
5793000
5794694
5797597
5798043
5802185
5803379
5804793
5805475
5807306
5808557
5809192
5816287
5816622
5817396
5817845
5819149
5820620
5821775
5822746
582388
5823932
5824739
5827684
5829480
5832264
5833840
5834567
5835747
5837957
5838765
5839024
584367
5846054
5846355
5846932
5849040
5849789
5853636
5854150
5855125
5856066
5857459
5858936
5859630
5865998
5866653
5867413
5868954
5869584
5870365
5871362
5874232
588888
5888929
5892096
5898568
5902545
5905348
5913275
5916739
5919034
5926676
5928118
5930736
5936130
5937112
5941423
5944958
5945642
594621
597915
5980875
5983801
5984287
5984584
5996646
5999797
6000400
6003682
6013298
6018022
6021247
6021499
6021761
6024936
6026276
6037298
6037666
6043075
6045562
605086
6054892
6060049
606335
606370
607114
6075527
607780
6078088
6078327
6078511
6080522
6084469
6088995
6090869
609683
6099269
6100236
610538
6115476
6122578
6125041
6136258
614224
614489
6158346
6166748
6169932
618878
6193203
6196284
6196584
6200178
6201136
6208021
621627
623162
6251781
6252138
6253140
6253690
6256229
6265272
6269
6281295
6282651
6284225
6284777
628491
6286395
6289250
6290637
630380
6306233
6309383
6313651
632627
6329506
6333653
633443
633864
6339416
6343971
634472
6349220
635012
6354204
6355894
635850
6359877
6362953
6365467
636574
6367571
636921
6370268
637259
638080
6392001
639556
6399631
6410904
6414372
641820
642045
6424275
6427831
644583
64643
6467007
646833
6470073
6472025
6473563
6474603
647713
6479665
6480506
6481320
6484
649760
6502378
650353
6513366
651991
652803
6528783
6532330
654625
654885
657260
657604
658052
658082
6589574
6593296
6598915
6601327
661091
6613686
6615026
6619065
66216
662589
662681
6630017
6634376
6636259
6637824
6639674
6642138
6643408
6643763
664483
6647206
6648724
6650070
6652242
665886
6660942
66636
6665108
666886
6671484
6681177
6684383
6687358
6691442
6696483
6697703
6698252
6700447
6702458
670261
6703953
6705079
671190
671351
6714976
6722453
6724763
6729499
6732169
6738281
674607
6746580
6748969
6750804
6753299
6753800
6755568
6756407
6758225
6763273
6765044
6776138
6784003
6786629
6791372
6793231
6797169
6799897
67999
680145
6801740
6806469
680841
682856
6828818
683280
686447
6868043
6873252
6876309
6879180
6880249
6880664
6882561
6885083
6887726
6891493
689344
6894544
690614
692506
6929618
6941644
6943558
6946823
6948761
695448
697589
698004
698855
6991980
699815
6999802
7000195
7009946
7010821
7020895
7037465
7038400
7044917
7045353
704690
705580
7066659
7071483
7083732
708538
7088438
7090721
7092592
7109019
7109196
7115021
7125523
7133701
7138085
7140659
7142566
7148192
7151380
715868
7160883
7162194
7168131
7170753
7175241
7181935
7185325
7193184
7193958
719494
719734
7201365
7204911
7205946
7206096
7206887
7212190
722232
7223170
7232421
7247071
7248801
7258332
7260623
726300
7264925
7270179
7272172
7283608
7289014
7290905
7291312
7294019
7296190
7296428
730052
7300960
7307895
7308889
7309781
7311115
7314427
7321772
7321967
7323922
7324673
7325190
7326557
7328942
7331759
7332956
7334490
7337390
7339329
7342049
7345593
7347
7355491
7355887
7356676
7357388
7358060
735936
7359599
7363883
7365849
7366289
7368256
7371293
7373277
7373803
7374756
7387509
740577
7405893
7407777
7412092
7413899
7415730
7417644
7420770
742320
7427337
7430211
7435533
7440979
7444668
7445480
7445896
7446404
7447641
7450842
7451463
7456188
746718
7472657
7473441
7478169
7480068
748282
7484265
7485475
7487955
7492516
7494363
7497473
7498854
7501545
7505676
7507098
7509572
7510495
7511080
7512465
751567
7516354
7518132
7518261
7519253
7527352
7527656
7531105
753428
7537485
7544647
754942
7550369
7553301
7555863
7560652
756338
7566340
7570720
7573696
757544
7579076
7583197
761713
7628870
7644706
7646927
7649854
766418
7670731
7672135
7675627
7679356
7695965
770437
7705711
7705931
7708798
7710007
7710616
772189
772967
773432
7737081
7739506
77419
7742704
7747055
7775375
7775905
7776545
7776866
7783210
7790400
7802417
7809096
7809368
7810907
7829412
784342
7843775
7846
785008
7858595
786195
78760
7881800
7884567
7889510
789138
7903208
7911371
791527
7927197
7934530
7938773
7939382
7940552
794079
7940865
7941170
7942152
794981
7950920
7951464
7959269
7961016
7963711
7965085
7966140
7967382
7971582
7974025
7975026
7976936
797697
7992450
7993929
7996689
7999699
8008335
8009834
802318
803325
803617
8049401
8050385
8052549
8053576
8053905
8058098
8059870
8061042
806502
8065093
8066491
807178
8077292
809465
8101085
8102402
810598
81072
811375
812298
8123167
8123696
813044
813978
815686
8166552
817680
8180190
8182379
8182716
818466
8184861
8186047
8189659
819024
8190292
8190754
8196024
8198398
8208016
82081
8208560
820976
8220714
8221348
822367
8246613
8276342
8289449
828990
829107
8294696
8299493
8308497
8310949
831191
831651
8337324
8338847
8339454
8339939
834009
8342039
8348815
8349916
835032
8359949
836236
8366202
836705
8367880
8375526
838098
8381436
8386365
8389297
8390511
8391387
8403787
8426461
8428756
8430568
8434259
8435388
8436759
844254
8456993
8457976
8459252
8459908
8466643
8472335
847340
84738
8491027
8491826
849523
8497294
8510666
8512259
853195
8542081
8558963
8566028
8567235
856824
8568978
8574314
8578706
8580803
8589801
859001
8591680
8593262
8595720
8616311
8620061
8621598
8622950
8626283
862686
8630039
8630985
863513
8639776
8645963
8646787
8648322
8649345
8652970
8656893
8657249
8660339
8664443
8673395
8679972
868591
869596
8698126
870213
872541
872886
874067
874806
875394
879759
882961
883297
884011
884540
88481
887081
888786
892467
894738
895304
898804
900375
901083
901103
901316
908909
912960
913705
914632
916464
916909
917772
9178821
9178999
9179776
918872
9190918
9193282
9199341
9210604
921300
9224911
9225146
923793
9239740
9241247
9257563
9257949
9260466
926702
927049
9271904
927261
9277538
9277686
9284015
9285254
928630
9287415
9287968
9290777
9291513
9302616
930368
9304465
9304750
9310806
9312645
9312843
9315159
9328904
9334396
9335240
9335916
9338013
9348055
9359803
9366017
9366317
9367203
9374886
937656
9379111
9385911
9386422
9387222
939277
939628
939857
940384
9405787
940842
941140
941990
9433442
9437454
943837
9448361
945401
946105
9465459
947077
947128
9475292
9483738
949134
9492123
9495382
9504135
952524
952963
9539183
9540430
954751
9547903
95502
955060
955148
955601
958334
9605289
9606527
9608709
9610660
9612848
9613191
9614684
9620078
9622049
9623038
9624168
962447
9624980
9629752
9630641
9631463
9632518
9633969
9634494
9636339
9641757
964569
9647834
9648309
964911
9669125
9679316
9686536
9697401
9701148
9716047
9725229
972621
9729530
973077
975452
9759069
9761403
9762821
9764201
9773245
9773962
9792555
9812338
9815790
9816771
9820263
9826204
9827683
9857200
987071
9882007
9882716
9898892
9917593
9918248
9928451
9930876
9933411
9937056
9943239
996969
9979321
999245
9998101
$UNK$